1a 56 40 40
1b 55 41 38
1c 59 49 39
1d 55 53 40
1e 51 55 41
1f 34 41 34
1g 39 48 43
1h 40 45 48
1i 54 54 66
1j 40 37 48
1k 66 48 60
1l 57 41 44

2a 67 35 38
2b 65 38 31
2c 65 49 34
2d 56 53 54
2e 48 58 34
2f 29 42 32
2g 32 51 45
2h 32 49 56
2i 47 54 80
2j 42 36 60
2k 79 44 74
2l 70 37 48

3a 84 34 37
3d 74 35 28
3c 73 47 30
3d 55 53 30
3e 47 60 32
3f 27 45 31
3g 30 57 50
3h 31 55 67
3i 40 55 98
3j 40 35 76
3k 89 39 88
3l 84 33 50

4a 85 33 37
4b 74 35 28
4c 76 49 28
4d 57 56 26
4e 46 65 33
4f 28 51 31
4g 29 62 53
4h 29 58 76 
4i 29 61 134
4j 28 35 134
4k 99 35 96
4l 87 34 54

5a 106 76 74
5b 109 75 63
5c 146 116 88
5d 145 135 99
5e 94 100 74 
5f 62 81 62 
5g 71 92 85 
5h 72 89 96 
5i 99 99 111
5j 91 83 96
5k 114 92 105
5l 108 77 85

6a 127 67 69
6b 128 66 51
6c 161 109 59
6d 149 138 72
6e 85 105 56
6f 48 87 58
6g 56 100 87
6h 59 95 108
6i 93 100 126
6j 93 83 111
6k 128 87 121
6l 128 68 91

7a 149 58 67
7b 150 59 41
7c 179 105 42
7d 149 136 48
7e 77 110 41
7f 35 92 51
7g 43 107 91
7h 43 101 123 
7i 90 102 144
7j 96 80 127
7k 140 79 136
7l 153 59 96

8a 173 47 59
8b 173 47 33
8c 191 99 34
8d 144 137 32
8e 65 114 32
8f 27 102 45
8g 29 118 98
8h 28 110 148
8i 68 106 187
8j 96 77 176
8k 172 65 171
8l 173 45 102

9a 186 162 158
9b 188 165 157
9c 201 182 165
9d 211 200 178
9e 168 171 150
9f 162 172 161
9g 161 174 167
9h 164 175 177
9i 171 170 175
9j 174 167 174 
9k 182 165 175
9l 187 164 170

10a 201 160 158
10b 198 158 146
10c 213 179 149
10d 215 202 157
10e 165 175 138
10f 155 179 157
10g 150 182 171 
10h 155 180 188
10i 170 172 187
10j 180 167 187
10k 195 163 187
10l 201 159 171

11a 213 155 154
11b 214 157 138
11c 221 174 130
11d 214 200 137
11e 157 178 122
11f 146 183 154
11g 141 184 174
11h 143 182 199
11i 168 172 201
11j 180 165 198
11k 204 158 194
11l 212 155 174

12a 228 153 157
12b 225 153 129
12c 231 174 121
12d 219 202 88
12e 145 187 89
12f 121 195 144
12g 110 198 182
12h 112 191 222
12i 159 171 219
12j 183 162 219
12k 217 151 213
12l 225 152 179

13a 240 240 240
13b 228 240 240
13c 205 236 239
13d 177 230 234
13e 154 222 233
13f 132 215 229
13g 112 205 228
13h 93 198 227
13i 73 188 219
13j 56 176 213
13k 43 163 206
13l 35 151 198

14a 239 237 240
14b 240 227 237 
14c 241 208 235
14d 238 186 225
14e 232 165 219
14f 224 143 210
14g 217 122 203
14h 208 104 193
14i 196 85 178
14j 189 66 172
14k 177 51 159
14l 167 41 148

15a 240 240 240
15b 241 240 222
15c 241 236 196
15d 240 230 171
15e 240 222 151
15f 240 216 128
15g 241 209 110
15h 236 200 88
15i 233 193 72
15j 233 185 57
15k 231 177 45
15l 225 165 35

16a 240 240 240
16b 223 219 216
16c 196 191 187
16d 170 165 161
16e 146 141 137
16f 123 118 115
16g 101 98  93
16h 81 78 73
16i 63 62 58
16j 50 48 46
16k 35 34 32
16l 29 27 28

17a 240 240 240
17b 240 221 215
17c 236 198 189
17d 229 172 162
17e 221 149 137
17f 215 127 115
17g 208 108 93
17h 197 89 76
17i 189 71 59
17j 179 57 46
17k 169 45 35
17l 158 37 28

18a 240 240 240
18b 225 236 219 
18c 202 228 193 
18d 175 217 169
18e 153 204 147 
18f 130 191 122
18g 109 178 102
18h 91 166 84
18i 71 155 69 
18j 54 140 51 
18k 42 128 41 
18l 30 112 30

19a 234 233 238
19b 223 221 235
19c 198 199 229
19d 169 173 220
19e 147 153 211
19f 124 131 201
19g 102 110 191
19h 82 89 179
19i 64 72 171
19j 49 54 158 
19k 35 40 144
19l 28 30 130

20a 40 32 31
20b 57 36 31
20c 45 35 33
20d 126 65 44
20e 177 76 34
20f 152 123 91
20g 180 145 102
20h 188 164 104
20i 180 180 106
20j 130 178 128 
20k 41 51 42
20l 30 30 30

21a 80 35 30
21b 107 38 31 
21c 167 86 57 
21d 141 114 93
21e 136 82 44
21f 185 132 88
21g 184 143 81
21h 157 149 126
21i 79 109 47
21j 39 90 34
21k 32 41 36
21l 33 31 32

22a 120 40 34
22b 175 114 95
22c 184 136 113
22d 187 150 123
22e 180 118 78
22f 190 147 105
22g 215 155 43
22h 167 163 89
22i 129 173 110
22j 31 45 32 
22k 34 45 47
22l 45 33 35














