A1             19.90   11.53    3.89    
A2             20.04   23.06    7.34    
A3             20.51   32.95   10.32    
A4             21.26   34.40   10.64    
A5             39.51   14.15    4.71    
A6             39.46   29.03    8.91    
A7             39.64   41.90   12.74    
A8             39.88   58.29   18.30    
A9             69.55    6.44    2.53    
A10            69.72   13.30    4.94    
A11            69.64   20.17    6.08    
A12            69.69   26.01    8.00    
A13            90.89   -3.76   -0.62    
A14            89.67    2.74   -1.72    
A15            91.89   -1.29    1.71    
A16            91.07   -0.35    0.01    
A17            91.45   -0.67    1.89    
A18            91.73   -1.68    1.44    
A19            88.54   -1.13   -3.41    
A20            10.80    8.37    2.92    
A21            21.42   27.57   20.70    
A22            29.33   42.09   33.16    
B1             19.96    8.84    7.88    
B2             19.93   17.61   14.47    
B3             20.82   25.43   21.30    
B4             21.14   30.29   25.03    
B5             39.65   14.84   13.39    
B6             39.71   26.81   23.91    
B7             39.61   40.56   35.00    
B8             40.13   55.33   47.37    
B9             69.43    5.87    5.41    
B10            69.70   11.79   11.01    
B11            69.73   18.32   16.23    
B12            69.55   23.70   20.78    
B13            89.29   -7.08   -2.80    
B14            87.61    6.20   -4.07    
B15            90.79   -1.84    9.18    
B16            83.82   -0.12   -0.30    
B17            86.23    5.89    3.35    
B18            88.22   -7.84    5.10    
B19            85.04    0.31   -7.70    
B20            16.20   17.01   12.23    
B21            26.69   37.86   29.37    
B22            56.92   21.21   21.35    
C1             24.67    4.66    9.88    
C2             24.63    8.62   18.20    
C3             24.89   12.13   26.67    
C4             25.64   13.45   29.72    
C5             54.39    8.31   20.63    
C6             54.18   17.38   40.32    
C7             54.40   26.10   60.34    
C8             54.54   32.13   72.62    
C9             74.65    3.76    9.20    
C10            74.46    7.66   18.40    
C11            74.57   11.78   28.51    
C12            74.63   15.25   35.71    
C13            86.51  -12.76   -6.93    
C14            83.59   12.92   -8.58    
C15            89.32   -2.09   19.29    
C16            76.20   -0.62    0.89    
C17            80.92   11.71    8.09    
C18            83.91  -14.36   10.69    
C19            78.73    1.09  -15.54    
C20            13.01    7.90    7.40    
C21            48.72   31.29   34.78    
C22            63.10   15.15   18.36    
D1             24.68   -0.20    9.82    
D2             24.62    0.25   18.24    
D3             25.37   -0.45   26.38    
D4             26.21   -1.10   29.27    
D5             59.50   -0.54   20.32    
D6             59.55   -1.42   40.38    
D7             59.40   -1.84   59.53    
D8             59.62   -3.03   76.52    
D9             79.68   -0.40   10.06    
D10            79.73   -0.76   21.56    
D11            79.72   -1.23   31.25    
D12            79.72   -2.21   63.46    
D13            83.13  -18.68  -11.58    
D14            78.69   20.88  -13.71    
D15            87.96   -1.84   28.17    
D16            67.94   -0.33    0.32    
D17            75.05   18.51   11.27    
D18            79.39  -20.68   14.75    
D19            71.39    3.30  -24.03    
D20            38.74   25.79   30.30    
D21            52.72    7.07   15.19    
D22            66.81   10.38   18.66    
E1             24.75   -4.73    9.74    
E2             24.70   -9.52   17.58    
E3             25.72  -14.20   25.47    
E4             26.31  -16.33   28.18    
E5             44.67   -7.62   14.30    
E6             44.50  -14.91   27.67    
E7             44.68  -22.53   41.40    
E8             44.68  -30.61   52.91    
E9             69.81   -4.71    7.93    
E10            69.76   -8.81   16.06    
E11            69.26  -13.32   23.77    
E12            69.51  -25.39   45.39    
E13            79.78  -23.91  -16.13    
E14            73.61   28.93  -18.72    
E15            86.48   -1.04   38.13    
E16            59.93   -0.06    0.62    
E17            69.29   25.00   15.17    
E18            74.64  -26.38   19.29    
E19            64.10    6.17  -31.99    
E20            47.86   40.46   59.51    
E21            44.20   20.80   39.85    
E22            57.55   20.52   35.34    
F1             15.42   -7.79    2.75    
F2             15.30  -15.95    5.46    
F3             16.15  -23.44    8.10    
F4             17.25  -29.23    9.92    
F5             34.82  -12.96    4.91    
F6             34.50  -25.41    9.35    
F7             34.53  -38.56   13.70    
F8             34.94  -56.80   19.92    
F9             69.45   -5.48    1.87    
F10            69.53  -11.62    4.21    
F11            69.54  -17.09    6.59    
F12            69.70  -34.83   12.31    
F13            76.21  -28.59  -20.71    
F14            68.42   36.74  -23.40    
F15            85.01    0.10   47.43    
F16            51.93    0.03    0.39    
F17            63.62   31.45   18.96    
F18            69.74  -32.19   23.50    
F19            56.52    9.43  -39.70    
F20            56.68    8.02   21.76    
F21            61.84   15.71   33.49    
F22            65.83   12.32   27.26    
G1             19.98   -9.00   -1.06    
G2             19.88  -18.03   -3.19    
G3             21.12  -27.52   -4.51    
G4             22.16  -31.55   -5.22    
G5             39.68  -12.14   -2.36    
G6             39.47  -24.45   -3.78    
G7             39.70  -36.53   -6.19    
G8             39.85  -53.24   -8.99    
G9             69.67   -6.28   -1.02    
G10            69.70  -13.14   -1.96    
G11            69.41  -18.89   -3.75    
G12            69.64  -37.10   -6.73    
G13            72.51  -32.78  -25.20    
G14            62.93   44.73  -27.97    
G15            83.56    1.71   57.34    
G16            43.87    0.05    0.67    
G17            58.14   37.48   23.29    
G18            65.06  -37.18   27.77    
G19            49.02   13.51  -46.95    
G20            64.97    8.79   28.28    
G21            64.07    9.53   41.58    
G22            70.95   15.20   85.71    
H1             19.80   -4.85   -5.92    
H2             20.02  -10.71  -12.84    
H3             20.30  -16.20  -19.46    
H4             21.37  -18.94  -23.79    
H5             39.77   -7.86   -8.40    
H6             39.58  -15.46  -17.57    
H7             39.67  -23.38  -26.58    
H8             39.76  -32.46  -38.40    
H9             70.11   -4.97   -4.45    
H10            69.92   -8.95   -9.74    
H11            69.86  -13.46  -15.41    
H12            69.86  -24.18  -27.85    
H13            69.11  -35.99  -29.12    
H14            57.77   52.07  -31.92    
H15            82.11    3.61   66.92    
H16            36.14    0.50    0.99    
H17            52.93   43.35   28.17    
H18            60.34  -41.81   32.18    
H19            41.42   18.84  -53.94    
H20            70.03    2.74   35.36    
H21            63.16   -0.01   12.07    
H22            67.58   -5.72   41.71    
I1             24.77    1.19  -11.13    
I2             24.87    2.08  -23.07    
I3             25.25    2.12  -33.42    
I4             24.91    5.14  -55.10    
I5             44.58    0.80   -8.62    
I6             44.77    1.25  -18.32    
I7             44.78    1.95  -27.06    
I8             44.84    3.52  -51.81    
I9             69.81    0.02   -4.54    
I10            69.94    0.57   -9.46    
I11            69.87    0.75  -14.94    
I12            69.86    1.73  -26.00    
I13            65.15  -38.86  -33.39    
I14            52.33   59.38  -35.62    
I15            80.74    5.77   76.27    
I16            28.18    0.44    0.60    
I17            47.83   48.83   32.74    
I18            55.35  -46.46   35.76    
I19            33.78   24.77  -60.51    
I20            72.77   -7.35   38.59    
I21            44.60  -21.02   35.88    
I22            66.06  -25.10   23.93    
J1             15.50    7.06  -11.58    
J2             15.54   13.09  -23.81    
J3             15.58   20.13  -36.76    
J4             15.61   38.96  -70.76    
J5             40.02    5.40   -9.12    
J6             39.87   10.65  -18.47    
J7             39.86   15.95  -28.57    
J8             40.12   30.20  -53.78    
J9             69.82    2.99   -4.68    
J10            69.92    5.37   -9.21    
J11            69.75    7.86  -14.69    
J12            70.01   13.51  -24.69    
J13            61.27  -40.71  -37.08    
J14            47.24   65.61  -38.46    
J15            79.27    8.15   85.06    
J16            20.54    0.28    0.39    
J17            43.13   53.35   37.64    
J18            50.43  -50.20   38.79    
J19            26.49   31.99  -66.15    
J20            68.14  -25.18   16.56    
J21            33.80  -38.01   32.42    
J22            16.61  -16.77    9.94    
K1             24.87   13.03   -8.53    
K2             25.16   26.37  -17.71    
K3             25.28   39.03  -27.01    
K4             25.36   47.80  -32.74    
K5             44.94   11.63   -7.48    
K6             44.82   23.15  -15.32    
K7             44.87   34.18  -23.68    
K8             44.93   61.01  -42.04    
K9             69.75    6.65   -4.38    
K10            69.99   12.88   -9.02    
K11            70.05   19.52  -13.16    
K12            70.20   31.81  -22.20    
K13            57.15  -41.47  -40.62    
K14            42.28   70.85  -40.55    
K15            77.44   10.90   93.38    
K16            13.07    0.01    0.48    
K17            38.51   56.88   42.94    
K18            45.12  -52.83   41.78    
K19            19.65   39.80  -70.43    
K20            20.76  -11.24    6.06    
K21            15.11  -10.34    0.41    
K22            16.74   -9.52   -8.59    
L1             20.27   12.65   -2.00    
L2             20.29   24.75   -3.61    
L3             21.14   34.98   -4.96    
L4             21.97   36.57   -5.31    
L5             39.91   15.54   -2.15    
L6             39.80   31.51   -5.07    
L7             40.30   47.21   -7.10    
L8             40.10   63.00  -10.42    
L9             70.15    7.69   -1.31    
L10            69.98   14.74   -2.36    
L11            70.03   21.44   -3.38    
L12            70.13   28.56   -4.79    
L13            52.57  -40.68  -43.78    
L14            37.73   74.44  -41.44    
L15            75.01   14.04   99.79    
L16             6.23    0.08    0.10    
L17            34.02   59.02   47.04    
L18            38.87  -53.88   42.30    
L19            13.51   47.35  -72.54    
L20             8.37   -1.28   -1.99    
L21             9.24    2.64   -2.86    
L22            13.73   10.93    0.15    

























